# callgrind format
version: 1
creator: callgrind-3.19.0
pid: 184184
cmd:  ./chess
part: 1


desc: I1 cache: 
desc: D1 cache: 
desc: LL cache: 

desc: Timerange: Basic block 0 - 50690
desc: Trigger: Program termination

positions: line
events: Ir
summary: 214002


ob=(1) /usr/lib64/ld-linux-x86-64.so.2
fl=(43) /usr/src/debug/glibc-2.35-20.fc36.x86_64/string/../sysdeps/x86_64/multiarch/../strchr.S
fn=(128) index
23 78
+1 78
+1 78
+1 78
+1 78
+1 78
+1 78
+1 78
+1 78
+1 78
+1 78
+1 78
+1 78
+1 78
+1 78
+1 78
+1 78
+1 78
+1 63
+4 63
+1 63
+1 63
+1 63
+2 63
+4 15
+1 15
+1 15
+1 15
+1 15
+1 15
+1 15
+1 15
+1 15
+1 15
+1 15
+1 15
+1 15
+1 15
+1 15
+1 15
+1 15
+1 15
+1 15
+1 15
+1 15
+1 15
+1 15
+1 15
+52 15
+4 15
+1 15
+1 15
+1 15
+2 15

fl=(62) /usr/src/debug/glibc-2.35-20.fc36.x86_64/io/../sysdeps/unix/sysv/linux/fstatat64.c
fn=(204) fstatat
153 40
-55 40
+70 60
+1 20

fl=(64) /usr/src/debug/glibc-2.35-20.fc36.x86_64/misc/../sysdeps/unix/sysv/linux/mmap64.c
fn=(208) mmap
47 186
+3 186
+8 372
+2 93

fl=(37) /usr/src/debug/glibc-2.35-20.fc36.x86_64/posix/../sysdeps/unix/syscall-template.S
fn=(110) uname
120 5
+2 1

fl=(68) /usr/src/debug/glibc-2.35-20.fc36.x86_64/io/../sysdeps/unix/sysv/linux/access.c
fn=(220) access
25 1
+2 7
+4 1

fl=(1) ???
fn=(0) 0x000000000001ddc0
0 2
cfi=(2) /usr/src/debug/glibc-2.35-20.fc36.x86_64/elf/rtld.c
cfn=(2) _dl_start
calls=1 527 
0 214000

fl=(8) /usr/src/debug/glibc-2.35-20.fc36.x86_64/elf/dl-setup_hash.c
fn=(14) _dl_setup_hash
25 21
+3 21
-3 21
+3 42
+3 63
+1 42
+2 21
-1 21
+3 63
+1 21
+1 42
+7 21
-5 21
-2 21
+3 42
+2 21
+2 42
+5 21

fl=(9) /usr/src/debug/glibc-2.35-20.fc36.x86_64/elf/../sysdeps/unix/sysv/linux/dl-sysdep.c
fn=(16) _dl_sysdep_start
102 4
+1 1
+3 2
cfn=(18) _dl_sysdep_parse_arguments
calls=1 -28 
* 478
+4 2
cfi=(11) /usr/src/debug/glibc-2.35-20.fc36.x86_64/elf/dl-tunables.c
cfn=(22) __GI___tunables_init
calls=1 279 
* 33712
+3 1
cfi=(13) /usr/src/debug/glibc-2.35-20.fc36.x86_64/elf/dl-sort-maps.c
cfn=(26) _dl_sort_maps_init
calls=1 295 
* 32
+2 2
cfi=(14) /usr/src/debug/glibc-2.35-20.fc36.x86_64/elf/../sysdeps/unix/sysv/linux/brk.c
cfn=(30) brk
calls=1 -79 
* 8
fi=(5) /usr/src/debug/glibc-2.35-20.fc36.x86_64/elf/../sysdeps/x86_64/dl-machine.h
215 1
cfi=(15) /usr/src/debug/glibc-2.35-20.fc36.x86_64/elf/../sysdeps/x86/dl-get-cpu-features.c
cfn=(34) _dl_x86_init_cpu_features
calls=1 37 
* 7332
fe=(9)
-93 3
+1 1
cfi=(23) /usr/src/debug/glibc-2.35-20.fc36.x86_64/string/../sysdeps/x86_64/multiarch/strlen-vec.S
cfn=(66) strlen
calls=1 -78 
* 17
* 1
+2 2
cfi=(24) /usr/src/debug/glibc-2.35-20.fc36.x86_64/elf/../misc/sbrk.c
cfn=(68) sbrk
calls=1 -88 
* 15
* 3
+12 3
+3 5
cfi=(2)
cfn=(70) dl_main
calls=1 1376 
* 170282

fn=(108) _dl_discover_osversion
258 5
+2 3
+85 5
-45 2
cfi=(37)
cfn=(110)
calls=1 120 
* 6
+15 1
-15 2
+20 1
-1 1
+3 12
+4 3
-2 6
+2 9
+7 3
-1 3
+4 3
-2 3
+2 10
+5 2

fn=(18)
78 1
+2 1
-2 4
+1 1
+1 1
-1 1
+2 2
+2 1
-2 1
+2 2
-1 1
+1 2
-1 68
+1 136
+7 2
-4 1
+4 54
fi=(10) /usr/src/debug/glibc-2.35-20.fc36.x86_64/elf/../sysdeps/unix/sysv/linux/dl-parse_auxv.h
-49 1
-9 1
fe=(9)
+54 1
fi=(10)
-54 1
+1 1
+1 1
+7 3
+1 40
+1 40
-2 81
fe=(9)
+52 1
+1 1
+1 1
fi=(10)
-49 1
+1 2
+1 1
+1 1
+1 1
+1 1
+1 1
+2 1
-5 1
-2 1
+1 1
+2 1
+1 1
+3 1
-9 1
+1 1
+6 1
fe=(9)
+42 1
-1 1
+2 1
+1 5

fl=(33) /usr/src/debug/glibc-2.35-20.fc36.x86_64/string/../sysdeps/x86_64/strcmp.S
fn=(98) strcmp
106 1377
+33 1377
+1 1377
+2 1377
+1 1377
+21 1377
+1 1377
+1 1323
+1 1323
+1 1049
+1 1049
+1 1049
+1 1049
+17 1049
+1 1049
+1 1049
+1 1049
+1 1049
+1 1049
+1 1049
+5 3
+1 9
+9 3
+1 3
+1 3
+1 3
+1 3
+1 3
+1 3
+1 3
-7 328
+1 328
+1 328
+1 328
+1 328
+1 328
+1 328
+1 328
+1 296
+1 145
+1 145
+1 145
+2 145
+1 145
+1 145
+1 145
+1 145
+1 145
-5 151
+1 151
+1 151
+1 151
+1 151
+1 151
+10 35
+1 35
+1 35
+2 35
+6 35
+1 35
+1 35
+1 35
+1 35
+5 35
+2 1
+1 1
+1 2
+8 1
+1 1
+3 1
+1 1
+1 1
+1 1
+1 1
+1 1
438 1
+1 1
+1 1
+1 1
+1 1
+2 1
+1 1
+1 1
+1 1
+1 1
+1 1
+1 1
+1 1
+3 1
+1 1
+1 1
+6 1
+1 1
+1 2
+4 1
+1 1
+3 1
+1 1
+1 1
+3 1
+1 1
+1 1
+6 1
+1 1
+1 1
+1 1
+1 1
+1 1
687 1
+1 1
+1 1
+1 1
+1 1
+2 1
+1 1
+1 1
+1 1
+1 1
+1 1
+1 1
+1 1
+4 1
+1 1
+1 1
+6 1
+1 1
+1 2
+4 1
+1 1
+3 1
+1 1
+1 1
+3 1
+1 1
+1 1
+6 1
+1 1
+1 1
+1 1
+1 1
+1 1
+72 10
+1 10
+1 10
+1 10
+1 10
+2 10
+1 10
+1 10
+1 10
+1 10
+1 10
+1 10
+1 2
+4 2
+1 2
+1 2
+6 2
+1 2
+1 4
+4 2
+1 2
+3 2
+1 2
+1 2
+3 2
+1 2
+1 2
+6 2
+1 2
+1 2
+1 2
+1 2
+1 2
+72 2
+1 2
+1 2
+1 2
+1 2
+2 2
+1 2
+1 2
+1 2
+1 2
+1 2
+1 2
+1 2
+4 2
+1 2
+1 2
+6 2
+1 2
+1 4
+4 2
+1 2
+3 2
+1 2
+1 2
+3 2
+1 2
+1 2
+6 2
+1 2
+1 2
+1 2
+1 2
+1 2
+72 18
+1 18
+1 18
+1 18
+1 18
+2 18
+1 18
+1 18
+1 18
+1 18
+1 18
+1 18
1187 19
+1 19
+1 19
+1 19
+1 19
+2 19
+1 19
+1 19
+1 19
+1 19
+1 19
+1 19
1312 26
+1 26
+1 26
+1 26
+1 26
+2 26
+1 26
+1 26
+1 26
+1 26
+1 26
+1 26
+1 2
+4 2
+1 2
+1 2
+6 2
+1 2
+1 4
+4 2
+1 2
+3 2
+1 2
+1 2
+3 2
+1 2
+1 2
+6 2
+1 2
+1 2
+1 2
+1 2
+1 2
+72 41
+1 41
+1 41
+1 41
+1 41
+2 41
+1 41
+1 41
+1 41
+1 41
+1 41
+1 41
+1 6
+4 6
+1 6
+1 6
+6 6
+1 6
+1 12
+4 6
+1 6
+3 6
+1 6
+1 6
+3 6
+1 6
+1 6
+6 6
+1 6
+1 6
+1 6
+1 6
+1 6
+7 1
+1 1
+2 1
+1 1
+2 1
+1 1
+1 1
+3 1
+1 1
+1 1
+6 1
+1 1
+1 1
+1 1
+1 1
+1 1
+41 53
+1 53
+1 53
+1 53
+1 53
+2 53
+1 53
+1 53
+1 53
+1 53
+1 53
+1 53
+1 23
+4 23
+1 23
+1 23
+6 23
+1 23
+1 46
+4 23
+1 23
+3 23
+1 23
+1 23
+3 23
+1 23
+1 23
+6 23
+1 23
+1 23
+1 23
+1 23
+1 23
+72 5
+1 5
+1 5
+1 5
+1 5
+2 5
+1 5
+1 5
+1 5
+1 5
+1 5
+1 5
+1 3
+4 3
+1 3
+1 3
+6 3
+1 3
+1 6
+4 3
+1 3
+3 3
+1 3
+1 3
+3 3
+1 3
+1 3
+6 3
+1 3
+1 3
+1 3
+1 3
+1 3
+72 42
+1 42
+1 42
+1 42
+1 42
+2 42
+1 42
+1 42
+1 42
+1 42
+1 42
+1 42
+1 1
+4 1
+1 1
+1 1
+6 1
+1 1
+1 2
+4 1
+1 1
+3 1
+1 1
+1 1
+3 1
+1 1
+1 1
+6 1
+1 1
+1 1
+1 1
+1 1
+1 1
+72 31
+1 31
+1 31
+1 31
+1 31
+2 31
+1 31
+1 31
+1 31
+1 31
+1 31
+1 31
+1 2
+4 2
+1 2
+1 2
+6 2
+1 2
+1 4
+4 2
+1 2
+3 2
+1 2
+1 2
+3 2
+1 2
+1 2
+6 2
+1 2
+1 2
+1 2
+1 2
+1 2
+72 47
+1 47
+1 47
+1 47
+1 47
+2 47
+1 47
+1 47
+1 47
+1 47
+1 47
+1 47
+2 1
+4 1
+1 1
+1 1
+6 1
+1 1
+2 2
+4 1
+1 1
+3 1
+1 1
+1 1
+3 1
+1 1
+1 1
+6 1
+1 1
+1 1
+1 1
+1 1
+1 1
+74 45
+2 45
+1 45
+1 45
+1 45
-3 286
+1 286
+1 286
+1 286
+1 290
+5 145
+6 145
+1 145
+8 145
+1 145
-16 1232
+6 1232
+1 1232
+8 1232
+1 1232

fl=(27) /usr/src/debug/glibc-2.35-20.fc36.x86_64/elf/dl-object.c
fn=(76) _dl_new_object
59 280
+3 40
+21 19
-3 19
+3 19
cfi=(23)
cfn=(66)
calls=19 -38 
* 431
+4 38
-4 19
+9 19
-9 57
fi=(29) /usr/src/debug/glibc-2.35-20.fc36.x86_64/elf/../include/rtld-malloc.h
-39 38
cfi=(28) /usr/src/debug/glibc-2.35-20.fc36.x86_64/elf/dl-minimal-malloc.c
cfn=(78) __minimal_calloc
calls=19 +34 
* 768
fe=(27)
+39 1
fi=(29)
-39 2
cfi=(28)
cfn=(78)
calls=1 +34 
* 42
* 20
fe=(27)
+51 40
+5 20
+4 20
-6 20
+2 20
+4 20
-5 20
+4 20
+1 20
-1 20
+1 40
cfi=(30) /usr/src/debug/glibc-2.35-20.fc36.x86_64/string/../sysdeps/x86_64/multiarch/memmove-vec-unaligned-erms.S
cfn=(86) memcpy
calls=20 218 
* 231
* 40
+2 20
+13 40
+6 1
+2 7
+3 2
-3 133
+3 38
+2 20
+4 20
+3 46
fi=(4) /usr/src/debug/glibc-2.35-20.fc36.x86_64/elf/../sysdeps/generic/ldsodefs.h
1403 3
fe=(27)
139 2
+2 1
-2 2
fi=(4)
1403 45
fe=(27)
139 30
+2 15
-2 30
+16 40
-5 20
+5 20
-6 20
+30 20
-24 20
-6 20
+6 40
+2 38
+3 38
-3 38
+7 116
+4 38
+8 1
+3 1
+10 3
-10 19
+10 57
+2 19
+21 19
-21 19
cfi=(23)
cfn=(66)
calls=19 45 
* 663
* 57
+17 19
-13 57
+50 57
cfi=(30)
cfn=(140) mempcpy
calls=19 -40 
* 255
* 19
+5 38
+1 38
-1 586
+1 586
+2 38
+3 19
+3 19
+4 180
131 40
-8 19
-4 38
+34 1
+7 4
+8 76
fi=(29)
56 38
cfi=(28)
cfn=(82) __minimal_malloc
calls=19 -21 
* 475
* 19
fe=(27)
200 76
64 2
+2 3
+1 2
+4 6
+6 2

fn=(90) _dl_add_to_namespace_list
31 40
+2 20
-2 40
+2 20
-2 40
+2 20
cfi=(25) /usr/src/debug/glibc-2.35-20.fc36.x86_64/elf/../sysdeps/nptl/dl-tls_init_tp.c
cfn=(92) rtld_mutex_dummy
calls=20 +9 
* 60
+2 179
+3 836
+2 19
+2 19
+4 19
+4 19
-4 38
+1 38
+1 19
+3 19
-3 19
+3 38
-1 19
cfi=(25)
cfn=(92)
calls=19 -8 
* 57
-4 1
+4 1
-4 2
+1 2
+1 1
+3 1
-3 1
+3 2
-1 1
cfi=(25)
cfn=(92)
calls=1 -8 
* 3
-5 2

fl=(16) /usr/src/debug/glibc-2.35-20.fc36.x86_64/elf/../sysdeps/x86/cpu-features.c
fn=(42) update_active.constprop.0
43 7
+4 1
+28 1
-18 1
+9 1
-10 1
-1 1
+25 1
-4 1
-20 1
+9 1
+11 1
-2 1
-19 2
+25 1
-15 1
-9 1
+9 1
+11 1
+25 1
-21 1
+8 1
-4 1
-10 1
-9 1
+9 1
+27 1
+4 1
-17 1
+4 1
+1 1
+8 1
-9 1
-12 1
+24 1
-12 1
+1 2
+1 1
-2 1
+2 2
+1 1
+2 1
-2 1
+2 3
+1 3
+3 2
+3 1
+1 1
-1 1
+1 1
-1 1
-3 1
+4 1
+4 2
+4 2
+2 4
+96 1
-1 2
+4 3
+4 1
-4 1
+4 1
+67 3
+4 3
fi=(18) /usr/src/debug/glibc-2.35-20.fc36.x86_64/elf/../sysdeps/x86/get-isa-level.h
31 1
-3 1
+3 1
-1 2
fe=(16)
296 1
+1 8
-75 3
+1 2
+3 1
-1 1
+9 1
-5 1
+2 1
-2 1
+5 1
fi=(18)
32 3
+4 3
fe=(16)
+83 2
+2 1
+3 2
+10 1
+10 2
-10 1
+10 1
-10 2
+6 4
+2 4
+7 4
+49 1
+12 1
-12 2
fi=(18)
39 3
+1 4
+5 1
-7 1
+7 3
+2 1
+1 2
+3 5
+2 4
+1 2
+1 2
+6 1
-4 1
+4 1
-3 2
fe=(16)
+73 1
-5 2
+4 1

fn=(36) init_cpu_features.constprop.0
399 1
+16 1
-16 6
+3 1
+1 1
+1 1
+11 2
+3 6
687 3
+1 1
+3 2
+1 1
+6 1
+1 1
+1 1
+1 1
fi=(19) /usr/src/debug/glibc-2.35-20.fc36.x86_64/elf/../sysdeps/x86/dl-cacheinfo.h
+5 1
+2 1
+14 2
842 1
+1 1
+8 1
-11 1
+34 1
-32 1
+2 1
-1 1
+2 1
-1 1
+2 1
-1 1
+2 1
-6 1
+5 1
+1 1
+1 1
+1 1
+1 1
+23 2
+26 2
+8 2
-8 1
+8 2
+25 2
-25 1
cfi=(11)
cfn=(28) __tunable_get_val
calls=1 402 
* 21
* 1
+5 2
-3 2
+3 2
cfi=(11)
cfn=(28)
calls=1 402 
* 21
* 1
+2 1
+3 2
-3 2
+3 1
-3 1
+3 1
cfi=(11)
cfn=(28)
calls=1 402 
* 21
* 1
+5 2
-3 2
+3 2
cfi=(11)
cfn=(28)
calls=1 402 
* 21
+2 1
+5 1
-7 1
+7 1
-5 2
+5 2
cfi=(11)
cfn=(28)
calls=1 402 
* 21
+3 3
-3 1
+3 3
-3 1
+3 2
cfi=(11)
cfn=(56) __GI___tunable_set_val
calls=1 157 
* 46
+1 9
cfi=(11)
cfn=(56)
calls=1 157 
* 46
+7 9
cfi=(11)
cfn=(56)
calls=1 157 
* 46
+2 10
cfi=(11)
cfn=(56)
calls=1 157 
* 46
+2 9
cfi=(11)
cfn=(56)
calls=1 157 
* 46
+10 1
fe=(16)
706 1
fi=(19)
954 1
+7 1
fe=(16)
706 2
fi=(19)
960 1
-6 1
+8 1
-1 1
-7 1
+9 1
+2 1
-2 1
+2 1
fe=(16)
706 1
cfi=(11)
cfn=(28)
calls=1 402 
* 19
+4 3
+14 1
-1 2
+1 3
+47 1
-1 1
+1 1
+46 4
cfi=(11)
cfn=(28)
calls=1 402 
* 19
+2 4
cfi=(11)
cfn=(28)
calls=1 402 
* 19
fi=(22) /usr/src/debug/glibc-2.35-20.fc36.x86_64/elf/../sysdeps/unix/sysv/linux/x86/cpu-features.c
27 6
fe=(16)
829 2
+45 8
fi=(19)
+7 10
fe=(16)
775 3
+27 2
-10 2
+1 3
+2 3
+1 2
+2 1
+1 1
-1 3
fi=(19)
-74 2
cfn=(48) handle_intel.constprop.0
calls=1 255 
* 450
+1 1
-1 1
+1 1
cfn=(48)
calls=1 255 
* 494
+1 1
-1 2
+1 1
cfn=(48)
calls=1 255 
* 521
+3 1
-3 2
+3 1
cfn=(48)
calls=1 255 
* 469
+2 1
-2 1
+2 1
cfn=(48)
calls=1 255 
* 461
+3 1
-2 1
-1 1
+3 1
cfn=(48)
calls=1 255 
* 441
+2 1
-2 1
+2 1
cfn=(48)
calls=1 255 
* 442
+3 1
-2 1
-1 1
+3 1
cfn=(48)
calls=1 255 
* 485
+2 1
-2 1
+2 1
cfn=(48)
calls=1 255 
* 486
+3 1
-3 1
+3 1
cfn=(48)
calls=1 255 
* 512
+2 1
-2 1
+2 1
cfn=(48)
calls=1 255 
* 513
+2 1
-2 1
+2 1
cfn=(48)
calls=1 255 
* 819
+2 3
-2 1
+2 1
cfn=(54) get_common_cache_info.constprop.0
calls=1 481 
* 218
863 11
fe=(16)
424 6
cfn=(38) get_common_indices.constprop.0
calls=1 -99 
* 71
303 3
+1 2
+1 6
+5 2
429 1
cfn=(42)
calls=1 43 
* 187
+2 1
+2 1
701 1
431 2
564 2
+7 2
+2 1
+4 2
+6 2
422 2
-3 1
311 6
+5 2
+1 7
433 4
+1 4
+69 1
+10 9
+42 1
+1 1
434 11
+55 3

fn=(38)
325 1
+4 4
+3 3
+5 2
-5 1
+5 1
-5 1
+4 1
+1 1
+1 4
+1 4
+1 3
+1 2
+7 2
+2 5
+5 1
-5 1
+5 1
-5 1
+5 1
-5 2
+5 1
+7 1
-7 4
+7 1
+1 3
+6 1
-6 4
+6 1
fi=(17) /usr/src/debug/glibc-2.35-20.fc36.x86_64/elf/../sysdeps/unix/sysv/linux/x86/dl-minsigstacksize.h
24 2
+3 2
+1 2
+37 3
+7 1
+2 1
fe=(16)
384 2

fl=(14)
fn=(30)
36 1
fi=(75) /usr/src/debug/glibc-2.35-20.fc36.x86_64/elf/../sysdeps/unix/sysv/linux/brk_call.h
-12 2
fe=(14)
+13 1
+1 2
+6 1
+1 1

fl=(59) /usr/src/debug/glibc-2.35-20.fc36.x86_64/io/../sysdeps/unix/sysv/linux/pread64_nocancel.c
fn=(190) __pread64_nocancel
25 46
+1 92
+1 23

fl=(55) /usr/src/debug/glibc-2.35-20.fc36.x86_64/elf/dl-misc.c
fn=(230) _dl_sysdep_read_whole_file
36 2
+3 1
-3 5
+3 1
-3 2
+3 1
cfi=(57) /usr/src/debug/glibc-2.35-20.fc36.x86_64/io/../sysdeps/unix/sysv/linux/open64_nocancel.c
cfn=(186) __open_nocancel
calls=1 -11 
* 17
+1 2
+23 7
-21 4
cfi=(61) /usr/src/debug/glibc-2.35-20.fc36.x86_64/io/../sysdeps/unix/sysv/linux/fstat64.c
cfn=(202) fstat
calls=1 -13 
* 15
* 2
+2 2
+3 2
+13 2
cfi=(67) /usr/src/debug/glibc-2.35-20.fc36.x86_64/io/../sysdeps/unix/sysv/linux/close_nocancel.c
cfn=(216) __GI___close_nocancel
calls=1 -35 
* 6
* 1
-11 6
cfi=(64)
cfn=(208)
calls=1 -2 
* 9
* 2

fn=(176) _dl_name_match_p
68 2844
+1 948
cfi=(33)
cfn=(98)
calls=474 +37 
* 14209
* 948
+3 474
+2 948
+6 494
-6 988
+1 1569
cfi=(33)
cfn=(98)
calls=523 +31 
* 15549
* 1046
+8 29
-13 29
+13 532
-1 445
+1 1335

fl=(25)
fn=(92)
42 40
+2 80

fn=(72) __tls_pre_init_tp
53 3
+3 8
+5 1
-5 1
+5 1
+1 1
-6 1
+8 1

fl=(50) /usr/src/debug/glibc-2.35-20.fc36.x86_64/elf/dl-audit.c
fn=(218) _dl_audit_objopen
76 19
+1 76

fn=(154) _dl_audit_activity_map
28 8
+2 1
-1 1
+1 2
+6 8

fl=(67)
fn=(216)
25 20
+1 80
+1 20

fl=(39) /usr/src/debug/glibc-2.35-20.fc36.x86_64/elf/dl-hwcaps.c
fn=(138) copy_hwcaps
74 6
+6 2
-6 2
+6 2
-6 4
fi=(41) /usr/src/debug/glibc-2.35-20.fc36.x86_64/elf/./dl-hwcaps.h
-20 2
+2 4
+32 2
+1 2
+1 2
fe=(39)
-11 4
+1 4
-1 2
+1 8
cfi=(30)
cfn=(140)
calls=2 205 
* 26
+4 2
+2 2
+2 2
-3 2
+1 4
+1 4
+1 2
-11 4
cfi=(42) /usr/src/debug/glibc-2.35-20.fc36.x86_64/elf/dl-hwcaps_split.c
cfn=(124) _dl_hwcaps_split_masked
calls=2 -26 
* 138
* 4
cfi=(42)
cfn=(124)
calls=2 -26 
* 171
* 8
+13 12

fn=(116) _dl_important_hwcaps
172 5
+1 1
-1 6
+1 1
-1 1
+1 1
-1 1
+1 1
-1 1
+1 1
cfi=(11)
cfn=(28)
calls=1 402 
* 21
* 1
+3 1
-1 1
+1 1
-1 1
+1 1
+9 2
-9 1
+8 1
cfi=(40) /usr/src/debug/glibc-2.35-20.fc36.x86_64/elf/../sysdeps/x86_64/dl-hwcaps-subdirs.c
cfn=(118) _dl_hwcaps_subdirs_active
calls=1 29 
* 49
fi=(41)
54 1
fe=(39)
185 2
-1 1
fi=(41)
56 1
+32 1
+1 1
+1 1
fe=(39)
-38 2
cfi=(42)
cfn=(124)
calls=1 -1 
* 22
* 2
fi=(41)
+2 1
+2 1
-2 1
+34 2
+1 2
+1 1
fe=(39)
-35 2
-1 2
+1 2
+1 2
-1 2
-3 4
cfi=(42)
cfn=(124)
calls=2 -1 
* 138
* 2
cfi=(42)
cfn=(124)
calls=1 -1 
* 149
* 6
+48 3
fi=(29)
-44 1
cfi=(28)
cfn=(82)
calls=1 -21 
* 25
fe=(39)
+46 2
-2 1
+2 1
fi=(41)
-48 1
fe=(39)
+54 2
-3 1
fi=(41)
-51 1
+2 4
+1 1
fe=(39)
+55 2
cfi=(42)
cfn=(126) _dl_hwcaps_split
calls=1 -87 
* 12
* 1
+2 1
-2 1
fi=(41)
-58 3
+2 1
-2 1
+34 2
+1 5
+1 1
fe=(39)
+37 10
+1 4
+1 2
+1 2
-1 2
-4 4
cfi=(42)
cfn=(124)
calls=2 -74 
* 138
* 2
cfi=(42)
cfn=(124)
calls=1 -74 
* 149
* 6
+8 5
+9 5
+3 8
-2 6
+14 1
+4 1
+1 2
+1 1
-20 2
+19 1
+1 1
-20 2
+8 2
+4 7
cfi=(44) /usr/src/debug/glibc-2.35-20.fc36.x86_64/string/../sysdeps/x86_64/memcmp.S
cfn=(132) bcmp
calls=1 48 
* 19
+1 3
-14 9
+53 2
+1 4
+4 6
+1 1
-1 1
+1 2
+1 2
-2 5
+1 1
-1 1
+1 2
+1 2
-2 5
+5 1
+3 14
+7 1
-5 1
+5 3
-7 1
+7 2
-5 1
+1 4
fi=(45) /usr/src/debug/glibc-2.35-20.fc36.x86_64/elf/../sysdeps/x86/dl-hwcap.h
57 6
fe=(39)
216 3
-3 1
+1 1
cfi=(23)
cfn=(66)
calls=1 45 
* 17
+1 1
-1 1
+1 2
-5 6
+8 3
+2 1
+2 3
-2 1
+1 2
+4 5
+1 1
+3 3
+5 2
-1 2
+4 2
+1 2
+16 2
+7 2
-7 2
+7 1
-7 5
+7 2
fi=(29)
56 1
cfi=(28)
cfn=(82)
calls=1 -21 
* 25
* 1
fe=(39)
262 2
+7 1
+1 1
+1 4
-1 5
+1 1
cfn=(138)
calls=1 74 
* 46
+1 5
cfn=(138)
calls=1 74 
* 381
+11 1
-8 1
+1 1
+7 2
+2 1
-2 1
+34 1
-10 1
+10 4
-7 2
+7 2
+10 4
-1 1
+1 2
-1 2
+1 1
-90 2
+86 1
+4 3
-4 4
-3 1
+3 1
cfi=(30)
cfn=(140)
calls=1 205 
* 18
* 2
-3 1
+3 1
cfi=(30)
cfn=(140)
calls=1 205 
* 18
* 2
+3 2
-3 6
+3 5
+1 12
+1 2
-2 1
+2 1
cfi=(30)
cfn=(140)
calls=1 205 
* 15
* 2
-2 2
+5 6
cfi=(30)
cfn=(140)
calls=2 205 
* 30
* 4
+2 16
+6 1
-1 3
+1 7
-1 22
+5 7
+3 2
-3 2
+3 2
-3 4
+3 4
-3 4
+3 4
+1 36
+1 12
-1 12
+1 24
-2 12
+1 24
-1 42
+4 9
+3 1
+2 2
-1 1
+1 1
-2 2
+2 2
-1 1
-1 2
+5 2
+3 2
-6 2
+2 6
+3 1
+1 2
-6 2
+6 3
+7 7
+1 1
-1 2
+3 2
-3 3
+1 3
-1 6
+3 6
+3 3
-21 1
-59 2
+86 9
240 1
+1 1
-1 2
+2 1
-1 1
+1 3
-1 2
+2 2
+7 4
-42 4

fl=(2)
fn=(156) handle_preload_list
894 10
+5 1
-5 1
+5 4
-4 1
+10 2
+7 1
191 1
914 2
191 2
916 2
+1 4
cfn=(160) do_preload
calls=1 -88 
* 2908
* 1
-18 2
+3 3
cfi=(51) /usr/src/debug/glibc-2.35-20.fc36.x86_64/string/../string/strcspn.c
cfn=(158) strcspn
calls=1 32 
* 252
* 1
+1 3
+2 4
cfi=(30)
cfn=(86)
calls=1 218 
* 19
+1 2
+14 9

fn=(160)
829 1
+12 1
-12 5
+10 1
-4 1
+6 2
-5 1
+5 2
-10 1
+6 1
+4 1
cob=(2) ???
cfi=(52) ???
cfn=(162) 0x0000000004002080
calls=1 0 
* 2880
+1 3
+8 3
+6 5

fn=(2)
527 16
85 1
557 1
85 1
553 1
fi=(5)
45 1
fe=(2)
+40 1
556 1
85 1
fi=(3) /usr/src/debug/glibc-2.35-20.fc36.x86_64/elf/./get-dynamic-info.h
-40 1
fe=(2)
556 1
fi=(3)
45 2
+23 1
-14 1
+5 1
-1 1
-3 17
+13 5
-23 20
+23 15
-23 60
+4 40
+5 24
+2 5
+3 4
fi=(4)
+21 1
fi=(3)
-8 3
+10 4
+1 4
+1 4
+1 4
+2 4
+5 4
+1 4
+1 4
+3 3
+5 2
+7 3
+1 3
+8 2
+1 2
+5 5
+3 5
fe=(2)
573 1
fi=(5)
71 1
fe=(2)
573 35
fi=(5)
416 5
fi=(6) /usr/src/debug/glibc-2.35-20.fc36.x86_64/elf/do-rel.h
86 1
fe=(2)
573 2
fi=(6)
49 1
+37 1
-37 1
+37 1
+2 1
-2 1
+2 1
-2 1
+27 2
-27 1
fe=(2)
573 2
fi=(6)
49 1
+37 1
-37 1
+37 1
+2 1
-2 1
+2 1
-2 1
+27 3
+1 2
fi=(5)
536 2
fi=(6)
114 282
fi=(5)
536 282
+1 142
fi=(6)
113 142
fi=(5)
537 284
fi=(6)
113 284
+5 4
+8 9
fi=(5)
326 12
fi=(6)
126 21
+2 7
+2 7
-2 7
fi=(5)
287 7
fi=(6)
130 7
-2 7
+1 14
fi=(5)
287 14
+9 28
+3 7
-3 14
+3 7
-3 7
+4 14
+26 33
fi=(6)
126 3
fe=(2)
573 6
fi=(6)
50 1
fi=(4)
+30 2
fi=(3)
-18 4
+2 4
fi=(5)
326 2
442 6
+3 6
fe=(2)
575 2
+13 1
cfi=(7) /usr/src/debug/glibc-2.35-20.fc36.x86_64/elf/dl-minimal.c
cfn=(12) __rtld_malloc_init_stubs
calls=1 42 
* 10
+4 2
85 1
488 2
85 3
488 1
cfi=(8)
cfn=(14)
calls=1 25 
* 27
+2 1
+17 1
-15 1
+15 1
-18 1
+3 1
+9 1
-11 1
+17 1
cfi=(9)
cfn=(16)
calls=1 102 
* 211907
+66 3

fn=(70)
1376 2
205 1
1376 4
2742 1
1376 7
207 1
310 1
+1 1
205 1
+99 3
1388 1
cfi=(25)
cfn=(72)
calls=1 53 
* 17
2721 2
+6 5
-4 1
+4 1
+2 5
cfi=(26) /usr/src/debug/glibc-2.35-20.fc36.x86_64/elf/dl-environ.c
cfn=(74) _dl_next_ld_env_entry
calls=1 28 
* 435
* 2
cfi=(26)
cfn=(74)
calls=1 28 
* 7
* 6
+4 3
-2 1
+2 3
+1 1
-1 3
+1 6
-1 32
+9 6
2889 4
+32 2
1404 1
+1 2
-1 2
+1 2
2763 2
+7 2
1672 8
cfi=(27)
cfn=(76)
calls=1 59 
* 288
* 1
+2 2
+1 1
+1 1
+5 1
-5 1
+1 1
-2 2
+2 2
+4 1
cfi=(27)
cfn=(90)
calls=1 31 
* 37
+1 2
1382 1
1141 1
-1 1
+29 1
-23 1
+2 1
+21 2
-19 1
+1 1
-5 1
+2 1
+21 2
+57 1
-83 1
+23 1
+4 1
+19 1
+37 2
-57 1
+57 2
-56 116
1275 4
+2 1
1169 18
-26 3
1282 22
+6 4
cfi=(31) /usr/src/debug/glibc-2.35-20.fc36.x86_64/elf/dl-load.c
cfn=(94) _dl_process_pt_gnu_property
calls=1 868 
* 20
-7 26
+1 13
+6 13
-6 26
fi=(32) /usr/src/debug/glibc-2.35-20.fc36.x86_64/elf/../sysdeps/x86/dl-prop.h
212 4
+1 2
95 8
+10 2
212 1
105 2
-3 1
+3 1
-2 1
+2 2
-4 1
-1 2
+93 4
-1 1
-87 3
+3 3
+1 2
+1 2
+4 3
+4 3
+3 3
+1 2
+4 1
+1 5
+4 2
+1 1
+3 2
+3 1
+1 4
+5 4
+7 2
+16 1
-3 2
+6 4
fe=(2)
1174 1
-5 1
+5 2
-5 2
+30 1
-9 2
+2 1
-3 1
+10 2
+18 2
-38 2
-10 1
+10 1
+1 9
-11 2
+57 4
-1 4
+1 8
-1 4
+2 8
+1 1
+2 12
+1 14
+4 8
+1 8
+1 4
+1 10
+1 1
+4 1
-74 1
+74 2
-74 2
+74 3
-74 3
+74 6
-74 6
1271 1
1169 1
1271 1
1169 3
1294 4
+3 3
+2 3
+2 2
1707 3
+2 1
-1 1
+1 2
+1 2
-2 1
+2 1
-2 2
cfi=(33)
cfn=(98)
calls=1 106 
* 25
* 2
+7 1
+3 1
-5 1
+3 1
+2 1
+1 2
+4 2
+2 2
fi=(3)
39 4
+4 1
+2 3
+9 1
+5 1
-1 1
-3 11
+13 3
-23 12
+23 27
-23 108
+4 60
+5 16
+2 5
+16 4
+25 4
+5 2
+7 3
+1 3
+22 4
+15 4
+22 3
fe=(2)
1733 4
+7 2
cfi=(8)
cfn=(14)
calls=1 25 
* 27
+3 2
fi=(34) /usr/src/debug/glibc-2.35-20.fc36.x86_64/elf/./setup-vdso.h
24 2
fi=(36) /usr/src/debug/glibc-2.35-20.fc36.x86_64/elf/../sysdeps/unix/sysv/linux/dl-vdso-setup.h
+21 1
fe=(2)
1768 1
cfi=(9)
cfn=(108)
calls=1 258 
* 80
* 8
fi=(38) /usr/src/debug/glibc-2.35-20.fc36.x86_64/elf/./dl-main.h
109 5
cfi=(31)
cfn=(114) _dl_init_paths
calls=1 706 
* 2232
fe=(2)
1776 3
cfi=(47) /usr/src/debug/glibc-2.35-20.fc36.x86_64/elf/dl-debug.c
cfn=(146) _dl_debug_initialize
calls=1 56 
* 33
+7 1
-5 1
-2 1
+7 1
+4 1
+1 1
+2 1
-3 3
+1 2
+3 1
+5 1
-7 1
+7 1
+1 3
+11 2
+1 2
+5 1
-3 2
+2 1
+1 2
+5 3
+1 5
-1 2
232 1
+1 1
-1 1
+1 3
-1 2
+2 2
1837 2
+5 1
-1 1
+1 1
+24 1
cfi=(48) /usr/src/debug/glibc-2.35-20.fc36.x86_64/elf/../elf/dl-tls.c
cfn=(148) _dl_count_modids
calls=1 197 
* 6
* 1
fi=(49) /usr/src/debug/glibc-2.35-20.fc36.x86_64/elf/../sysdeps/generic/dl-debug.h
29 4
+1 1
fe=(2)
1872 1
+1 1
cfi=(47)
cfn=(152) _dl_debug_state
calls=1 116 
* 2
+1 1
+4 3
cfi=(50)
cfn=(154)
calls=1 28 
* 20
+5 3
+2 1
+2 2
+9 2
+16 4
cfi=(68)
cfn=(220)
calls=1 25 
* 9
* 2
+76 4
+16 3
85 1
2014 1
85 2
2014 1
85 1
2014 5
85 1
2014 2
cfi=(69) /usr/src/debug/glibc-2.35-20.fc36.x86_64/elf/dl-deps.c
cfn=(222) _dl_map_object_deps
calls=1 159 
* 162622
234 3
1822 2
+6 1
-6 2
+6 1
fi=(32)
198 9
+2 1
+1 1
+1 1
-2 1
+3 1
-3 2
+3 1
fi=(3)
59 4
+3 4
+2 4
fi=(35) /usr/src/debug/glibc-2.35-20.fc36.x86_64/elf/../sysdeps/unix/sysv/linux/dl-vdso.h
-24 1
+1 4
fi=(36)
-11 1
+3 1
+3 1
+3 1
fi=(35)
+16 2
fe=(2)
1786 4
2770 2
+2 2
+1 1
1992 10
85 1
1891 2
85 3
1891 2
cfn=(156)
calls=1 894 
* 3235
* 1
92 3
+9 3
1992 6
+1 1
-1 1
+4 3
+1 1
+1 2
+1 2
-7 2

fn=(172) map_doit
663 2
+2 1
-2 1
+2 1
+1 2
-1 2
+1 3
cfi=(31)
cfn=(174) _dl_map_object
calls=1 2007 
* 2781
* 1
+2 2

fl=(47)
fn=(198) _dl_debug_update
38 19
+3 19
-1 38
+4 38
+4 19

fn=(152)
116 1
+1 1

fn=(146)
56 2
+3 2
+4 1
+22 1
+10 1
-32 2
+1 1
+21 2
+5 2
+1 1
+4 1
-4 1
-1 1
+2 1
+3 1
+4 2
+8 2
-50 3
+39 6

fl=(61)
fn=(202)
29 40
+1 40
+5 60
cfi=(62)
cfn=(204)
calls=20 153 
* 160

fl=(42)
fn=(124)
51 44
+3 22
cfn=(126)
calls=11 -29 
* 483
* 6
cfn=(126)
calls=3 -29 
* 180
* 28
+2 9
+1 27
+1 42
cfn=(130) _dl_hwcaps_contains
calls=6 +8 
* 30
* 12
+4 22

fn=(126)
25 60
+1 45
+4 36
+4 48
+1 12
-1 24
+2 24
+5 27
cfi=(43)
cfn=(128)
calls=9 -18 
* 216
+4 18
-3 18
+1 6
+3 6
+1 42
-20 6
+20 18
-4 6
cfi=(23)
cfn=(66)
calls=3 +2 
* 51
* 3
+3 3
-3 6

fn=(130)
66 6
+1 12
+1 6
+9 6

fl=(46) /usr/src/debug/glibc-2.35-20.fc36.x86_64/string/../sysdeps/x86_64/multiarch/memset-vec-unaligned-erms.S
fn=(144) memset
140 19
+1 95
+5 19
+1 19
+3 17
+1 17
+2 1
+1 1
+1 1
+34 3
+1 3
+2 3
+60 16
+1 16
+12 16
+3 16
+1 16
+12 13
+1 13
+13 13
+1 13
+2 13
+3 13
+3 26
+3 13
+1 13
+1 13
+1 13
+1 13
+1 13
+1 13
-6 452
+1 452
+1 452
+1 452
+1 452
+1 452
+1 452
+3 13
+1 13
+1 13
+1 13
+5 13
+34 2
+2 2
+1 2
+39 2
+1 2
+2 2

fl=(30)
fn=(140)
205 26
+1 26
+1 26
+1 26
+17 26
+1 26
+2 19
+1 19
+1 19
+2 18
+1 18
+1 18
+2 18
+80 7
+1 7
+2 5
+4 5
+1 2
+1 2
+1 2
+1 2
+1 2
+1 2
+2 2
+2 2
+6 3
+1 3
+1 3
+1 3
+1 3
+29 2
+1 2
+1 2
+1 2
+1 2
+7 1
+1 1
+1 1
+1 1
+1 1
+1 1
+1 1
+11 1
+1 1
+2 1
+1 1
+1 1

fn=(86)
218 80
+1 80
+6 80
+1 80
+2 67
+1 67
+1 67
+2 54
+1 54
+1 54
+2 54
+80 13
+1 13
+2 1
+4 1
+1 1
+1 1
+1 1
+1 1
+4 1
+2 1
+39 12
+1 12
+1 12
+1 12
+1 12
+7 9
+1 9
+1 9
+1 9
+1 9
+1 9
+1 9
+11 13
+1 13
+2 13
+1 13
+1 13
+2 4
+1 4
+1 4
+1 4
+1 4
+1 4
+1 4
+1 4
+1 4
+1 4
+1 4
+1 4
+1 4
+1 4
+1 4

fl=(11)
fn=(28)
402 29
+3 203
+9 29
-9 110
+9 1
+17 145
+2 29
-9 28
+1 28

fn=(22)
279 9
-9 3
147 1
304 4
71 350
+6 69
-3 69
+3 5867
354 8
81 138
+5 207
fi=(12) /usr/src/debug/glibc-2.35-20.fc36.x86_64/elf/dl-tunables.h
+54 69
fe=(11)
-54 69
fi=(12)
+54 69
+1 152
-1 111
+1 152
fe=(11)
320 276
-18 9660
+6 13317
fi=(12)
140 1242
+1 1242
-1 49
+1 196
-1 245
fe=(11)
298 138

fn=(58) do_tunable_update_val
99 5
+3 15
fi=(21) /usr/src/debug/glibc-2.35-20.fc36.x86_64/elf/./dl-tunable-types.h
-12 5
fe=(11)
+21 5
+1 5
fi=(21)
-22 5
fe=(11)
+22 15
+1 25
fi=(12)
+8 10
fe=(11)
+13 5
+1 5
+1 5
+1 5
+1 5
fi=(12)
-16 5
fe=(11)
-6 10
fi=(12)
+15 5
fe=(11)
-12 15
+4 20
+7 10
+1 10

fn=(56)
157 5
+1 30
+2 5
cfn=(58)
calls=5 -61 
* 190

fl=(53) /usr/src/debug/glibc-2.35-20.fc36.x86_64/elf/dl-error-skeleton.c
fn=(164) _dl_catch_error
225 10
+2 2
cob=(2)
cfi=(52)
cfn=(166) 0x0000000004002050
calls=1 0 
* 2855
+1 2
+1 1
+1 1
-1 1
+1 1
+2 5

fn=(168) _dl_catch_exception
175 98
+5 49
-5 147
+5 49
-2 98
+21 49
+7 98
-7 49
+1 98
+3 98
+3 49
cfi=(54) /usr/src/debug/glibc-2.35-20.fc36.x86_64/setjmp/../sysdeps/x86_64/setjmp.S
cfn=(170) __sigsetjmp
calls=49 30 
* 1176
* 147
+2 147
cfi=(69)
cfn=(224) openaux
calls=48 61 
* 151967
cfi=(2)
cfn=(172)
calls=1 663 
* 2796
+2 48
-1 48
+1 48
-1 48
+1 96
-25 48
+34 96

fl=(70) /usr/src/debug/glibc-2.35-20.fc36.x86_64/elf/dl-cache.c
fn=(238) _dl_cache_libcmp
360 400
+1 789
+4 1258
-2 1258
+2 1258
-2 2516
+20 2370
+2 2370
-24 1022
+28 1022
+1 1022
-29 2044
+32 81
-28 146
+8 71
-2 142
+1 142
+1 142
-2 71
+2 81
+1 30
-1 40
+2 213
-3 71
+3 81
+1 30
-1 40
+2 142
+1 16
+8 489
-5 4

fn=(228) _dl_load_cache_lookup
406 114
+2 38
+3 57
+69 54
+5 57
+3 95
cfn=(234) search_cache
calls=19 203 
* 26934
* 19
+15 38
+4 38
+8 38
cfi=(23)
cfn=(66)
calls=19 45 
* 665
* 247
+1 38
-1 19
+1 19
cfi=(30)
cfn=(86)
calls=19 218 
* 209
* 19
+1 19
cfi=(56) /usr/src/debug/glibc-2.35-20.fc36.x86_64/string/strdup.c
cfn=(182) strdup
calls=19 40 
* 1691
+1 57
-3 38
414 5
cfi=(55)
cfn=(230)
calls=1 36 
* 89
* 1
+8 6
+1 8
+3 3
+1 1
-1 3
fi=(71) /usr/src/debug/glibc-2.35-20.fc36.x86_64/elf/../sysdeps/generic/dl-cache.h
194 1
+1 5
fe=(70)
434 1
+1 2

fn=(234)
203 171
+2 19
-2 76
fi=(72) /usr/src/debug/glibc-2.35-20.fc36.x86_64/elf/../sysdeps/x86/dl-procinfo.h
39 38
+3 57
cfi=(33)
cfn=(98)
calls=19 +64 
* 1254
* 76
fe=(70)
208 95
cfi=(11)
cfn=(28)
calls=19 402 
* 399
* 19
+12 38
-7 38
+10 19
-10 76
352 79
220 158
+2 865
+1 173
-32 346
+32 173
+4 346
+4 519
cfn=(238)
calls=173 360 
* 16091
+1 346
349 154
+1 75
220 150
356 380
242 54
+3 54
+2 108
cfn=(238)
calls=27 360 
* 3270
* 54
+2 8
-9 54
-30 57
+1 19
-1 133
+1 19
-1 152
+49 38
+10 38
+1 57
+7 38
fi=(71)
125 95
fe=(70)
286 38
+9 38
+3 38
+2 57
+4 19
+1 19
-1 19
+1 76
+7 38
+21 57
+2 19
-34 38

fl=(15)
fn=(34)
37 1
+2 3
+2 1
cfi=(16)
cfn=(36)
calls=1 399 
* 7327

fl=(44)
fn=(132)
48 1
+12 1
+1 1
+22 1
+1 1
+45 1
+1 1
+2 1
+1 1
+2 1
+1 1
+2 1
+1 1
+47 1
+1 1
+1 1
+1 1
+1 1
+1 1

fl=(58) /usr/src/debug/glibc-2.35-20.fc36.x86_64/io/../sysdeps/unix/sysv/linux/read_nocancel.c
fn=(188) __read_nocancel
25 19
+1 76
+1 19

fl=(19)
fn=(48)
255 24
-5 12
+22 12
-22 84
+13 12
+1 12
+8 12
+7 12
-7 24
+8 12
-1 12
+1 48
+9 60
cfn=(50) intel_check_word.constprop.0
calls=12 123 
* 1215
+2 24
+3 5
cfn=(50)
calls=1 123 
* 20
+2 2
+3 5
cfn=(50)
calls=1 123 
* 265
+2 2
-35 4
+18 60
cfn=(50)
calls=12 123 
* 4032
+2 24
+24 96
-5 3

fn=(50)
123 78
-4 78
+10 104
-10 26
+10 52
+2 52
+71 50
fi=(20) /usr/src/debug/glibc-2.35-20.fc36.x86_64/elf/../bits/stdlib-bsearch.h
32 25
fe=(19)
202 125
-71 102
+2 63
+2 126
+8 126
+51 102
+22 51
fi=(20)
28 51
-1 102
+2 228
+2 178
+1 89
fe=(19)
+78 178
+3 345
fi=(20)
-82 282
-2 564
+2 512
+1 256
fe=(19)
+78 512
+15 15
246 104
fi=(20)
37 126
fe=(19)
155 36
+3 36
-6 12
+3 24
+9 24
+1 24
+22 21
-32 63
+3 63
+4 64
+2 128
+3 84
+1 50
+1 38
+1 24
+2 11
+2 22
+6 14
+3 8
+1 12
-3 12
-5 4
+2 4
+1 4
-2 4
-1 4
+2 8
-2 4
+3 4
-2 12
+2 12

fn=(54)
481 2
+17 1
-17 1
+18 1
-2 1
-16 2
+15 1
+11 1
-26 4
+17 1
+12 2
-5 1
+16 1
+5 3
+4 2
681 4
+1 5
+4 2
+9 2
-2 1
+2 2
-1 1
+1 3
535 3
+3 1
-3 2
+3 1
-3 1
+3 2
+10 26
+14 2
+4 1
+3 1
+1 1
-4 2
+3 3
+6 2
-37 12
+6 6
-6 3
+6 2
+1 8
+8 2
+4 1
+1 1
-1 2
+18 2
-68 6
+74 4
+8 6
+2 2
-2 1
+6 3
+3 1
+1 5
-4 4
+21 2
-21 4
+3 1
+1 4
-4 1
+6 4
+3 2
+5 1
+2 2
+1 1
+1 1
-2 2
+1 1
-19 6
+46 2
+1 1
+1 2
+2 2
-1 3
-23 2
-7 1
+11 2
+3 1
+2 4
+1 1
+5 2

fl=(48)
fn=(148)
197 1
+2 2
+1 1
+15 2

fn=(244) _dl_assign_tls_modid
131 8
+3 4
+13 4
-13 4
+52 4
+2 4
+3 4
+1 8

fl=(7)
fn=(12)
42 1
+1 2
+1 2
+1 2
+1 2
+1 1

fl=(54)
fn=(170)
30 49
+2 49
+9 49
+1 98
+1 49
+4 49
+1 49
+1 49
+1 49
+1 49
+2 98
+2 49
+1 49
+1 49
+2 98
+2 49
+8 49
+3 49
+1 49
+7 49
+1 49

fl=(73) /usr/src/debug/glibc-2.35-20.fc36.x86_64/misc/../sysdeps/unix/syscall-template.S
fn=(242) mprotect
117 55
+5 11

fl=(74) /usr/src/debug/glibc-2.35-20.fc36.x86_64/malloc/scratch_buffer_set_array_size.c
fn=(246) __libc_scratch_buffer_set_array_size
30 100
+4 10
+1 20
+10 20
+18 10
-17 10
+17 30

fl=(31)
fn=(226) cache_rpath
681 138
+1 207
+4 6
-1 12
+14 138
-11 24
+3 6
-8 138

fn=(94)
868 20
+8 20
-8 20
+8 20
-6 20
+12 40
-13 20
+13 20
-13 20
+13 40
+3 60
+1 40
+1 40
+43 20

fn=(174)
2007 539
+8 98
+1 196
+3 1776
+5 3318
+2 1422
cfi=(55)
cfn=(176)
calls=474 68 
* 42387
* 948
+4 890
+1 1335
+4 352
-1 1760
+1 352
+1 352
-1 352
+1 704
cfi=(33)
cfn=(98)
calls=352 106 
* 11153
* 704
2311 432
2051 20
-1 40
+1 40
-1 40
-41 20
+50 60
+17 40
-2 20
+2 20
cfi=(43)
cfn=(128)
calls=20 23 
* 600
* 40
2242 2
-1 3
cfn=(178) expand_dynamic_string_token
calls=1 385 
* 181
+2 1
-3 1
+1 1
+2 2
+4 8
cfn=(184) open_verify.constprop.0
calls=1 1568 
* 344
* 1
+3 2
+12 76
+46 19
+1 38
-1 19
+1 209
cfn=(196) _dl_map_object_from_fd
calls=19 944 
* 42932
* 57
2080 38
cfi=(23)
cfn=(66)
calls=19 45 
* 413
* 38
+2 38
+7 76
+58 114
cfn=(226)
calls=19 681 
* 195
* 38
+8 19
+14 38
+2 57
+4 38
cfi=(70)
cfn=(228)
calls=19 406 
* 30628
* 19
+2 38
+4 38
+8 57
+23 152
cfn=(184)
calls=19 1568 
* 6226
* 18
+4 36
+1 18
+17 36
2114 76
+1 171
cfn=(226)
calls=19 681 
* 171
* 76
+9 38
+15 38
-46 19
+1 19
+7 171
-3 93
+1 186
cfn=(226)
calls=31 681 
* 303
* 62
+9 76
+5 38
+1 38
+32 38

fn=(180) _dl_dst_count
238 98
+3 49
-3 147
+7 49
-7 49
+3 49
cfi=(43)
cfn=(128)
calls=49 23 
* 1416
+3 98
+20 343

fn=(184)
1568 240
+39 60
+19 80
cfi=(57)
cfn=(186)
calls=20 28 
* 332
* 19
+2 38
+11 19
+6 38
-5 19
+5 152
cfi=(58)
cfn=(188)
calls=19 25 
* 114
+2 38
+2 38
+2 38
+6 38
+17 247
+59 38
+5 38
+2 76
+6 38
+6 19
+1 19
-1 57
+1 19
-1 19
+1 38
+1 34
+20 57
+31 57
-31 19
1633 19
1805 95
-31 1200
+1 520
+1 152
+4 152
+6 38
+11 95
cfi=(59)
cfn=(190)
calls=19 25 
* 133
* 114
+8 336
+15 6
+6 3
-3 6
+1 3
+1 3
+1 6
-3 3
+1 3
+1 3
+2 3
-3 9
-1 3
+4 6
fi=(29)
50 38
cfi=(28)
cfn=(194) __minimal_free
calls=19 +45 
* 95
fe=(31)
1841 171
-54 285
+21 477
+3 53
-4 53
+4 106
+5 18
+1 36
-60 26
+1 6
-1 2
+1 6
cfi=(59)
cfn=(190)
calls=2 25 
* 14
* 6
+16 42
+7 127
1674 18
1787 38
-30 4

fn=(178)
385 3
+10 1
-10 4
+10 1
cfn=(180)
calls=1 238 
* 66
+3 2
+12 1
-11 1
+11 4
-11 1
cfi=(56)
cfn=(182)
calls=1 40 
* 97

fn=(196)
944 209
+10 19
-10 57
+10 19
cfi=(47)
cfn=(198)
calls=19 38 
* 133
* 19
+7 76
+85 76
+10 38
+7 133
cfi=(27)
cfn=(76)
calls=19 59 
* 6548
* 19
+1 38
+11 19
+5 19
-4 19
-1 19
+2 19
+2 19
-2 19
+2 38
+1 57
+1 34
+19 34
-2 17
+2 174
-2 2
+2 191
+10 19
-10 19
+10 57
+27 19
-33 19
-3 19
+2 19
-1 19
+35 19
+9 19
-50 19
+41 19
+9 19
-36 19
+53 95
-52 510
+20 4
+1 2
-22 594
+1 1130
1213 38
1110 19
1213 38
1110 57
1218 133
+10 57
+1 19
-1 19
+1 19
-1 57
+1 57
-1 57
+1 57
-1 171
1076 38
1235 38
+10 76
+7 76
fi=(63) /usr/src/debug/glibc-2.35-20.fc36.x86_64/elf/./dl-map-segments.h
96 19
-68 19
fe=(31)
1252 19
fi=(63)
96 19
fe=(31)
1252 38
fi=(63)
28 38
+1 133
cfi=(64)
cfn=(208)
calls=19 +18 
* 171
+74 38
-1 19
-73 19
+74 19
+3 38
+1 19
+2 19
-3 19
+1 19
+2 19
+7 88
+3 44
cfi=(73)
cfn=(242)
calls=11 -2 
* 66
* 33
+7 19
-97 19
+99 19
fi=(65) /usr/src/debug/glibc-2.35-20.fc36.x86_64/elf/./dl-load.h
-37 152
+1 57
+2 152
fi=(63)
+56 304
+6 19
+2 19
-2 19
+1 19
+2 38
-1 76
+8 38
+3 34
+8 119
cfi=(46)
cfn=(144)
calls=17 -37 
* 3678
* 34
+6 38
+12 76
-59 456
+2 114
+3 57
-3 114
+2 456
cfi=(64)
cfn=(208)
calls=57 -93 
* 513
* 171
fi=(60) /usr/src/debug/glibc-2.35-20.fc36.x86_64/elf/../sysdeps/posix/dl-fileid.h
37 57
cfi=(61)
cfn=(202)
calls=19 -8 
* 285
* 38
fe=(31)
999 38
fi=(60)
40 57
fe=(31)
999 19
fi=(60)
40 19
fe=(31)
999 703
+1 418
fi=(60)
49 760
fe=(31)
1515 171
1084 26
+1 4
-1 2
+1 2
-1 2
+1 2
cfi=(59)
cfn=(190)
calls=2 25 
* 14
* 4
+26 232
+26 532
+8 152
+1 76
-1 76
+1 304
+1 76
-1 76
+1 76
+2 76
-2 76
+2 76
+2 76
-4 76
+1 152
-1 76
+4 380
+2 152
+4 152
+1 285
+4 57
+1 513
-18 57
+28 57
-11 19
+1 171
-18 19
+28 19
+3 12
+5 4
-1 8
+5 4
-5 8
-56 4
+61 16
+1 4
+3 4
-3 4
+8 16
-77 38
+7 19
+2 19
-2 19
+1 19
+1 19
-1 38
+1 152
+83 38
+1 19
1018 38
1268 76
+1 57
fi=(66) /usr/src/debug/glibc-2.35-20.fc36.x86_64/elf/get-dynamic-info.h
39 38
+6 19
-2 19
+2 38
+9 19
+5 19
-1 19
-3 380
+13 114
-23 456
+23 454
-23 1816
+4 1136
+5 532
+2 95
+3 76
+13 76
+10 59
+1 76
+1 76
+1 76
+2 76
+5 76
+1 75
+1 95
+3 57
+5 38
+7 38
+1 57
+22 57
+5 36
+2 36
+1 2
+1 36
+2 36
+4 57
+2 57
+1 38
+9 38
+6 38
+4 38
fe=(31)
1275 38
+1 38
+2 38
+10 57
+19 38
+2 95
+52 57
+1 8
+6 152
+1 358
+6 76
cfn=(94)
calls=19 868 
* 380
-7 434
+1 217
+6 217
-6 434
fi=(32)
212 76
+1 38
95 152
+10 38
212 19
105 38
-3 19
-1 19
+2 19
+2 38
-5 38
+93 76
-1 19
-87 57
+3 57
+1 38
+1 38
+4 57
+4 57
+3 57
+1 38
+4 19
+1 76
+19 34
+31 34
+8 54
+2 72
-56 74
+1 37
+3 74
+3 37
+1 148
+5 148
+7 40
+16 20
-3 40
+3 42
fe=(31)
1380 38
cfi=(67)
cfn=(216)
calls=19 25 
* 114
* 38
+13 38
+2 76
+2 38
+16 38
cfi=(8)
cfn=(14)
calls=19 25 
* 513
+4 38
+1 38
+17 38
+1 1
+3 1
+5 1
-5 1
+5 1
-5 18
+5 18
-5 18
+5 18
+10 38
+7 152
+10 38
+1 16
+5 8
cfi=(48)
cfn=(244)
calls=4 131 
* 40
+7 57
cfi=(27)
cfn=(90)
calls=19 31 
* 1558
+3 76
+23 133
+1 57
cfi=(50)
cfn=(218)
calls=19 76 
* 95
* 19
fi=(65)
95 68
+2 17
-1 34
+1 17
-1 17
+1 17
-1 17
+1 17
-1 34
+3 68
fe=(31)
1506 38
fi=(32)
198 152
+2 18
+1 18
+1 18
-2 18
+3 18
-3 36
+3 18
fi=(66)
62 76
+2 76
166 54
-15 2
-7 36
fi=(32)
+62 5
fe=(31)
1084 4
fi=(63)
187 104
cfi=(64)
cfn=(208)
calls=13 47 
* 117
+3 26
fe=(31)
1462 27
+2 8
-1 40
+1 8
-1 8
+1 8
-1 8
cfi=(33)
cfn=(98)
calls=8 106 
* 243
* 16
+2 5
fi=(60)
49 51
fe=(31)
1419 8
+4 2
+4 2
-4 2
+5 2
-4 2
+3 4
cfi=(30)
cfn=(86)
calls=2 218 
* 22
+4 8

fn=(114)
706 9
+14 1
-14 4
+14 2
cfi=(39)
cfn=(116)
calls=1 172 
* 2047
fi=(29)
56 1
fe=(31)
720 1
fi=(29)
56 1
cfi=(28)
cfn=(82)
calls=1 -21 
* 25
fe=(31)
725 1
+2 3
+8 2
-1 3
+5 3
fi=(29)
56 1
cfi=(28)
cfn=(82)
calls=1 -21 
* 25
fe=(31)
739 1
+2 4
+26 1
-9 1
+12 1
-9 1
-13 1
-1 1
+9 1
+2 1
+1 1
+2 1
+1 1
+5 2
+1 3
+2 1
-2 2
cfi=(46)
cfn=(144)
calls=1 140 
* 18
+2 1
-2 2
-7 1
-5 1
+12 1
-12 1
+2 1
+1 1
+2 1
+1 1
+6 1
cfi=(46)
cfn=(144)
calls=1 140 
* 18
+2 1
+12 1
+3 1
-8 1
-1 1
+9 2
+2 4
+2 3
+36 2
+31 1
+1 8
-49 1
-2 1
+2 2
+14 2

fl=(23)
fn=(66)
45 101
+44 101
+1 101
+1 101
+1 101
+1 101
+1 101
+1 101
+2 101
+2 101
+31 100
+1 100
+1 100
+1 100
+1 100
+1 32
+2 32
+4 68
+1 68
+1 68
+1 68
+1 68
+1 68
+1 68
+1 68
+1 68
+1 68
+1 68
+1 68
+5 544
+4 1
+1 14
+1 8

fl=(57)
fn=(186)
28 21
+3 21
-3 21
+3 126
+8 140
+2 20

fl=(24)
fn=(68)
37 5
+3 1
+18 2
+4 2
+16 5

fl=(28)
fn=(194)
95 19
+2 76

fn=(78)
78 20
+4 20
-4 80
+7 20
+1 60
fi=(29)
-30 20
cfi=(28)
cfn=(82)
calls=20 -21 
* 590
fe=(28)

fn=(82)
35 360
+1 216
+11 213
+3 71
-3 71
+3 142
-3 2
+3 1
-3 1
+3 278
+18 72
+1 72
+2 288
-16 12
+1 6
+2 3
+1 21
cfi=(64)
cfn=(208)
calls=3 -12 
* 27
* 3
+2 6
+2 6
+2 3
+4 3
-4 6
-23 1
-1 1
+1 1
+1 2
-2 2

fl=(26)
fn=(74)
28 2
+1 2
+3 75
+13 68
-13 136
+2 138
+1 16
+5 1
-3 1
+3 1
+2 1
+7 1

fl=(56)
fn=(182)
40 100
+1 20
cfi=(23)
cfn=(66)
calls=20 +4 
* 700
* 20
fi=(76) /usr/src/debug/glibc-2.35-20.fc36.x86_64/string/../include/rtld-malloc.h
+15 40
cfi=(28)
cfn=(82)
calls=20 -21 
* 500
fe=(56)
-12 40
+4 20
-1 60
+1 40
-1 20
cfi=(30)
cfn=(86)
calls=20 218 
* 228

fl=(69)
fn=(222)
159 12
+1 3
-1 2
+1 12
-8 1
+8 2
-8 1
-6 1
-2 1
+16 1
-8 1
-7 1
+1 1
+6 1
+24 4
-28 3
-2 1
+31 1
-33 2
+2 2
+30 2
-30 1
-1 4
+7 4
+24 2
-32 1
+60 1
-60 2
+54 1
+46 1
-64 1
fi=(77) /usr/src/debug/glibc-2.35-20.fc36.x86_64/elf/../include/scratch_buffer.h
77 2
fe=(69)
180 1
fi=(77)
78 1
fe=(69)
200 1
+44 5
-31 1
-4 1
+4 12
-4 10
+4 20
+11 24
-18 1
+18 2
433 20
+2 9
+3 9
-3 27
+3 9
-3 9
fi=(29)
56 9
cfi=(28)
cfn=(82)
calls=9 -21 
* 225
fe=(69)
439 27
fi=(29)
56 9
fe=(69)
439 9
+6 9
+1 54
cfi=(30)
cfn=(86)
calls=9 218 
* 155
+1 45
cfi=(30)
cfn=(86)
calls=9 218 
* 155
+3 9
+1 18
+4 30
204 20
458 30
-1 10
+1 20
226 40
+7 10
+4 10
-6 10
+1 10
+1 10
+1 20
+3 40
-31 50
+32 568
+6 192
cfi=(31)
cfn=(180)
calls=48 -6 
* 2232
* 144
+4 96
-2 48
+2 96
cob=(2)
cfi=(52)
cfn=(166)
calls=48 0 
* 154790
+1 94
+9 47
+2 94
+5 95
+6 19
+2 19
-8 38
+3 19
+1 19
+1 19
+1 19
+4 95
+4 141
+1 117
-43 1159
+7 96
+38 708
-68 85
+3 10
fi=(77)
-86 40
cfi=(74)
cfn=(246)
calls=10 30 
* 200
fe=(69)
+86 30
+4 20
-61 2

fn=(224)
61 144
+7 48
-4 96
+1 48
-1 384
cfi=(31)
cfn=(174)
calls=48 2007 
* 151106
* 47
+5 94

fl=(13)
fn=(26)
295 2
+1 4
cfi=(11)
cfn=(28)
calls=1 402 
* 20
+2 3
-1 1
+2 2

fl=(40)
fn=(118)
29 1
fi=(18)
+2 1
fe=(40)
+7 1
fi=(18)
-7 2
-1 2
fe=(40)
+22 1
fi=(18)
-20 3
+4 1
fe=(40)
+2 1
fi=(18)
-2 2
+3 4
+1 4
+5 1
fe=(40)
-7 1
fi=(18)
+7 3
fe=(40)
-2 1
fi=(18)
+5 2
+3 5
+2 4
+1 2
+1 2
+6 1
fe=(40)
-13 1
fi=(18)
+13 1
-3 2
fe=(40)

fl=(51)
fn=(158)
32 4
+1 3
+1 2
+5 6
+1 4
+1 4
+1 4
+2 1
+3 3
+1 2
-1 6
+1 4
+3 4
+1 4
+1 4
+1 4
+2 3
+6 1
-1 1
+1 1
+2 2
-1 2
+2 1
+2 6
-5 12
-1 12
+1 12
+2 24
-1 24
+2 12
+2 72
+2 1
+1 3
+1 1
-1 1
+1 2

ob=(2)
fl=(52)
fn=(166)
0 98
cob=(1)
cfi=(53)
cfn=(168)
calls=49 175 
0 157547

fn=(162)
0 2
cob=(1)
cfi=(53)
cfn=(164)
calls=1 225 
0 2878

totals: 214002
